2000
1 1681920214 kNgK4HNikA
1 258717970 4ZJgW1v54i
1 2091870009 g395pjM8Oo
1 1670953368 yIxa0lNpi5
1 898001985 PKq797VSIq
1 869964224 JFtPAXSqaF
1 749478931 kbxpSlE8Oa
1 1240655662 hx3HnFvbux
1 1882896674 h0EN5poHcx
1 566508053 0DSNfqeZEH
1 1244377995 iz3nOKso3D
1 1612887472 QalhrUeztq
1 1360918762 I4e9A0TyuP
1 498101065 VwFsbv7owz
1 883182855 oS68reBAq7
1 49129920 6zeXmJuXlR
1 979861463 gRYaRzWlq5
1 657486401 F7Opwd8iDZ
1 192175196 OFz0L3yVIP
1 1544844072 uM4VYwZmtr
1 469073778 Lrh5FkriZ8
1 541802072 Rua6XOpxcQ
1 1205608840 wSzl38x65E
1 1123762711 j1GvkwfBAg
1 1007769465 eoz7SpBZZN
1 517456858 vjryZCVDXM
1 2008474141 MSnYT9WUeg
1 770115878 PKtOxl0AGZ
1 1006483082 bXFV2MKhJq
1 1740887722 mr9UtH96o3
1 535483066 yEiBlOQvoZ
1 2039748998 oDLqyetE9R
1 462685022 FZ4mwKpmrn
1 1850672965 aIzmtJIjcE
1 662621440 yMdbRJeMtp
1 1345932146 E6ooKbRsSu
1 1278154151 jYm0p5Ijkh
1 501452595 JXYrtSRsgE
1 50206826 DkktVPSYpD
1 1907650083 Xrt0gTl4V4
1 1508564956 801ax0ooUK
1 1659852124 UgtTulMWpG
1 1974771782 OYNEtn4N6D
1 1563307672 WOyDDELfZS
1 1214214043 ukbhCiyhfw
1 1339523468 i7BO40mjwu
1 1668298565 bnPFYw6psr
1 890328279 00HIaMNE8g
1 1653202948 QZWYHjL5Qw
1 1579390484 9n969AXAPb
2 1345932146 2 249364865 6szurJhpbf 100 77.1601 64.3811
2 462685022 4 1776496004 JsB04evAnY 100 94.0332
2 49129920 3 101064574 PoscY3zs60 1 21.1925 97.3525
2 1882896674 5 804222718 ZIa4UKafz2 1000 85.0627 96.4598
2 535483066 5 922359897 2Kt8OCtvPR 1 16.3901 89.4159
2 2091870009 3 720791952 IEWpHtJwN8 1 54.0162 72.8167
2 258717970 3 1667938159 vkHpfQYIpk 100 48.4938 66.7533
2 770115878 4 604695462 2LknyYutGT 1000 94.3454
2 1360918762 6 591807230 3ti6eBJo1N 10 60.7844 79.1527
2 1006483082 6 1361481431 8sscjnAvHP 10 35.1961 67.5947
2 662621440 5 1813175267 rlJYyomuIE 1 62.8887 22.9083
2 517456858 1 387716354 upMkdbBA7y 100 64.0642
2 2091870009 4 1503813289 8YbOBOVdAa 1 44.7309
2 1740887722 4 65239054 vei1tORoqD 100 47.4285
2 1345932146 4 310001503 xXkj0qzLUW 10 75.0177
2 535483066 3 1485387709 DC1olYfrwU 10 70.1 91.8893
2 1006483082 2 253051408 uYEP5G6ynC 1000 65.6294 21.9131
2 517456858 1 1537980426 9wU4CN9vBp 1 72.773
2 2008474141 3 746893513 NWQ0Ey8yO8 100 63.8555 28.31
2 541802072 3 392142590 5DaQulpcUT 1 66.0011 81.1509
2 517456858 6 1078354441 0rZsvxM08d 1 88.6225 77.5882
2 1360918762 4 1369830445 xX7IQCZVS4 10 98.9358
2 883182855 3 305426126 g6rHog7alH 1000 63.4241 79.177
2 979861463 4 1850057072 A3ewj7184u 10 81.2576
2 1544844072 3 1812393894 HXbmEjntzG 10 65.4761 38.3533
2 2091870009 4 429942732 qxwPjsp5f5 1 90.2794
2 469073778 5 1957766869 usuYoQA2yW 10 62.0258 62.1837
2 1612887472 4 2005146351 s56LDoYwPz 10 59.5773
2 258717970 2 1979054637 9D9z50xQ4y 10 55.3331 96.7443
2 1360918762 3 715850054 nNaMta9Q82 1 73.4765 72.1868
2 1345932146 4 1116495263 3W1MTvEoH2 1 48.405
2 1007769465 1 766428932 a9G9KvVyrV 10 88.4226
2 2039748998 4 1047543712 SrCkOYUnHX 100 99.8069
2 541802072 1 85511241 vLacotSgwl 1 62.5325
2 1668298565 6 1340830035 0r8Cg7meWY 100 97.3415 51.095
2 1612887472 1 587069484 ZpYBAshL8Q 10 37.345
2 1205608840 4 1845456140 kP0Y4H59Ca 10 84.4029
2 1345932146 1 1669460869 Xx6DTz0dMt 100 46.3639
2 566508053 3 806346217 qphJ6dmaef 1000 73.9151 65.9084
2 1544844072 1 427010524 Klv4aDIauC 100 81.8986
2 2039748998 5 1805089864 ZYmlkXISum 100 26.1984 63.6104
2 541802072 3 337384731 cicKojyNBk 100 93.6591 26.0894
2 1544844072 3 1791942852 FknKFWMtXI 1 46.723 44.6757
2 1006483082 3 82613077 38NU26eFDJ 100 88.4988 66.8908
2 1579390484 2 212247129 t2GHNwBmTB 100 27.0727 67.2848
2 501452595 3 383881336 ByXT1KWd8X 1000 18.0294 99.0943
2 1123762711 5 1213324551 OidomDqKx6 1000 30.3596 77.0636
2 1123762711 1 1458881305 LWxtdtgyit 100 17.0736
2 566508053 6 1861234444 s8oDDKvgwD 10 45.8168 90.3481
2 1278154151 5 1946960151 S1a4S0rAhn 1000 85.7577 79.8507
2 1563307672 5 1699406885 AueP2gLnkD 1000 95.4339 84.3285
2 979861463 4 635440659 Neo80e4xiS 100 44.0846
2 469073778 3 1583397367 fdlVhwF2EF 1 12.2355 44.4685
2 1563307672 3 11690778 Yr2XpHIWcm 1 26.9514 74.0274
2 469073778 1 243230530 c5eXQvDZYs 100 96.2968
2 1670953368 4 1736538431 F3FXPpCRwh 10 91.9869
2 517456858 1 1622021071 SiiNAxNTDH 1 92.1789
2 2091870009 1 1288783697 LKQPR8pOiy 10 38.6944
2 1007769465 6 22539916 oIDVZwHPva 1 35.5346 80.8367
2 1740887722 1 385251650 qcmUgI9EYw 100 68.3382
2 462685022 5 1637545819 EWYLuVKKpw 1000 11.1657 93.3699
2 1214214043 4 788341982 Oa5fb8ZZSU 10 10.8014
2 898001985 2 1548245946 rbbOEbX71t 10 81.2322 54.0925
2 258717970 5 652792259 VRCI00Vhxl 10 81.4686 81.9305
2 462685022 6 9140804 2emKFuR4I0 10 70.8465 15.1526
2 1612887472 4 1281358349 xThLASHj7r 100 10.8822
2 1205608840 4 1247331942 xXrB71gybQ 1 26.532
2 1974771782 1 2048440618 g3gDvAVHoe 10 35.9844
2 1339523468 5 1620856488 cRvrKRjLfp 1 55.1345 12.3393
2 1278154151 2 1874780441 l6SNt45he7 100 35.9504 14.9013
2 869964224 3 139691155 bY5Z4NvTTF 1 23.733 22.484
2 1882896674 6 691019247 zkXpDzyI2D 1000 28.4431 41.0675
2 1681920214 4 224249526 NW5sQgU26V 1 31.8007
2 50206826 5 475999886 X0z2RWsXGx 1 70.305 51.8098
2 1123762711 1 1458912390 A9M36mxifH 1 69.8082
2 1339523468 3 519867504 tOSKqi6DE1 1000 10.4733 85.8618
2 1278154151 3 1394641895 BYzc2jRc7M 1000 32.9263 31.1138
2 258717970 6 941890688 Lfb089hKOS 1 64.464 42.6451
2 541802072 2 273407417 dSvYB7Ix8C 100 33.3007 55.0899
2 662621440 2 743199939 ydOqFWSJch 1 30.0051 40.6755
2 501452595 6 1963471615 eThde1D0vE 1000 51.5745 43.8598
2 979861463 1 1845047817 Zl67jagqrT 10 74.0123
2 501452595 3 617049042 FEk9VADkbI 1000 60.5642 32.0881
2 1681920214 4 1156497595 7VgR9zYIvg 1000 26.8106
2 1360918762 1 829455913 e6HDHTElxB 10 59.5185
2 657486401 1 1726137294 jhTqHDu96U 1 76.2704
2 501452595 1 1719545632 NKTWZderof 10 36.064
2 1360918762 6 139829077 XON2nW0I78 1000 43.6805 64.5942
2 462685022 6 1265087180 yusMrGmcgE 100 59.5745 87.6898
2 1882896674 2 88158891 O1dFukAKrW 100 89.3364 80.1854
2 49129920 6 1973788365 eodxgsWCQb 1000 13.8632 99.7663
2 1659852124 4 2007863765 2fnpb6IsKi 1 74.5406
2 883182855 1 54084440 u7hxQ4JYuJ 10 20.6559
2 1278154151 5 1020589544 N7xuGvUGdE 1000 53.4492 18.5864
2 2008474141 1 927973826 yXlmCoOwsX 1 14.0576
2 1240655662 5 1298659703 nuSnsTo9tj 100 50.1509 51.259
2 1278154151 6 1339055112 602Gh8tBJI 100 48.0475 85.3562
2 50206826 3 955812383 MahAaqWaA9 1 45.5009 40.2865
2 770115878 2 1203560372 C3h4Mq7hRS 100 73.8116 19.8218
2 1360918762 6 1034980544 eTBHIHntyr 100 67.0343 36.6214
2 49129920 2 631020525 c1SxQ0FxJ1 1 12.7961 89.8447
2 898001985 2 215171837 JIXwD29ont 1 48.6455 34.835
2 1659852124 3 1589269995 yHrrhxUSzd 1 11.7663 30.7508
2 1006483082 3 629426878 JeLWzJ9QZa 1 70.643 73.8236
2 1681920214 5 225413298 EWZh6Q0PFA 10 59.3683 40.6489
2 517456858 2 1788432543 aj5Ko1gD9P 1000 70.5054 21.628
2 1612887472 6 962015238 51Qbrlgew2 100 98.5601 22.401
2 1974771782 6 747587793 1SLWCVPqPk 1000 95.4726 58.7152
2 1612887472 3 1057663119 q3Mt1nDCye 100 17.3997 75.229
2 869964224 4 351693567 P5Oin2yNMU 100 47.687
2 890328279 2 1595495986 qOXX7U79kf 1000 18.0912 34.668
2 1007769465 6 615390396 f6Klujy2du 100 78.1007 99.922
2 566508053 2 563114622 fG7p2ZqKfU 1000 18.3908 55.0314
2 1544844072 5 539736556 16yRED4328 100 20.2711 26.0275
2 1007769465 6 1366643530 jqHd2lCJWi 100 38.7789 58.3484
2 2091870009 2 1095444435 e0CSdZ0hQD 100 64.3432 96.3207
2 1240655662 3 1880786316 1hcwQWithX 100 21.3783 92.0679
2 1339523468 5 1266787239 ZRZzXUukgm 10 12.5438 34.2377
2 462685022 6 1984311032 WAuCqParmG 10 48.5286 99.501
2 50206826 5 1466964020 xQ16RI2V3m 100 35.6817 21.5033
2 1670953368 6 2039709764 2PKmKySB0R 10 88.7595 29.2552
2 2039748998 6 1926086577 EwlyRNgo4i 1 25.1914 17.7269
2 1882896674 1 1558177663 QOKcvd2YK9 100 84.479
2 1007769465 3 1027982612 jJJ8BEwXTs 1 80.6095 48.1386
2 1007769465 1 683093674 Y6DnktYhqH 100 33.5979
2 1007769465 6 385970209 IsAkA0O5iw 1000 73.8782 56.7463
2 49129920 5 93786269 464oc6N4dd 100 69.5233 39.2843
2 979861463 4 410886035 EQgzvdGZk0 1000 64.2203
2 566508053 1 1248442241 cNYJyuECli 10 44.2287
2 1563307672 5 1332187941 l6CP8KCbfY 100 84.469 23.2011
2 1563307672 2 554030187 Pjf7w5BWMQ 1000 50.7315 82.4941
2 1563307672 3 821581571 i0XNlIv7lK 1 59.5118 48.4587
2 1244377995 4 509239752 2XuneSZiiY 1 58.4857
2 890328279 2 1836189989 LXUUq1gVYx 1 61.8009 14.9197
2 1882896674 5 1832745681 6udriwPIPA 10 30.0923 19.5837
2 1006483082 1 55810306 e2lbQ3phpv 10 55.9923
2 2091870009 5 1680117958 x8Bekx4PaH 100 68.6018 27.5952
2 258717970 4 1605821432 g1cKE7TIyO 1000 78.8349
2 535483066 3 555495370 1RuuWhsaOP 100 87.2782 54.2121
2 1240655662 1 357628224 voKmkuqe4q 1 13.3078
2 1544844072 4 1031385538 CMZPgPNv00 10 12.9228
2 890328279 3 2015087204 pcx8mT1eBi 1 58.0491 58.9186
2 1907650083 6 1231409935 RRLvh0UmJQ 10 83.7577 30.1462
2 657486401 5 6966281 9OBkc2eOGn 100 28.5998 52.2594
2 1740887722 5 226091091 2GQoNmnrXH 1000 44.6585 21.7796
2 1668298565 3 349534355 8Vnm7vY9mR 10 28.6448 33.2831
2 498101065 2 1257877045 ISPlOOxNXL 1000 43.4972 77.6933
2 1653202948 5 274099862 v1ajyK405U 1000 97.773 48.3951
2 898001985 1 1975233904 6z2JBwkwcG 1000 52.1286
2 535483066 1 2030190139 qnAlHb5LHp 1000 31.7909
6 535483066
10 1007769465 1360918762
2 1668298565 5 1871279934 PZ3D9qNhpc 1000 55.8428 71.8383
6 50206826
3 1544844072 1812393894
9 883182855
4 1612887472
7 1278154151 1339055112
7 890328279 2015087204
9 2008474141
5 1240655662
9 1659852124
5 1740887722
7 1244377995 509239752
6 1907650083
2 192175196 1 592685943 20H8ThALiM 10 74.3312
5 498101065
6 1668298565
4 517456858
4 469073778
6 1612887472
9 1214214043
3 517456858 1537980426
5 1907650083
10 469073778 1240655662
9 2039748998
9 566508053
8 979861463
4 1007769465
3 50206826 1466964020
3 2039748998 1047543712
6 1974771782
2 517456858 2 1270843439 6pAnz002QZ 100 11.8367 58.5745
2 1850672965 4 701356310 7p60zE3Qmd 10 23.8862
5 258717970
3 1278154151 1394641895
5 2039748998
5 1278154151
10 1205608840 662621440
8 1681920214
6 657486401
2 1205608840 1 357210820 AE5NaQ68UI 10 66.7105
5 541802072
3 1360918762 591807230
6 1974771782
6 749478931
9 1907650083
8 1345932146
5 50206826
7 890328279 1836189989
10 1544844072 2039748998
9 1579390484
9 1508564956
6 1006483082
4 501452595
9 1240655662
6 657486401
4 1612887472
4 1205608840
9 898001985
7 2091870009 720791952
3 890328279 1836189989
6 258717970
6 541802072
3 1544844072 1791942852
8 749478931
5 469073778
3 1653202948 274099862
9 517456858
3 1339523468 1266787239
3 462685022 1984311032
2 1007769465 6 1852614784 ePHOLB7Tf5 100 66.5075 52.3117
7 1882896674 1558177663
6 1882896674
6 1653202948
8 1659852124
8 2008474141
10 1653202948 1670953368
5 192175196
3 770115878 604695462
8 462685022
7 1006483082 629426878
8 2008474141
7 258717970 941890688
5 1668298565
9 1007769465
3 2091870009 1095444435
4 1508564956
3 1740887722 385251650
10 541802072 498101065
7 1612887472 2005146351
2 1681920214 2 772402647 RByoLFoRui 1 20.8889 59.8677
2 2039748998 5 1344999164 gjkiZXroJO 10 12.1731 57.1585
5 566508053
9 770115878
2 192175196 2 1508048203 wKare2ejMZ 100 44.1781 22.8974
8 657486401
10 1681920214 462685022
5 469073778
5 662621440
3 662621440 743199939
2 890328279 6 169282780 o8JrIJnqbk 10 51.6672 23.7782
8 2039748998
10 1612887472 1740887722
10 498101065 1205608840
6 1612887472
3 1214214043 788341982
10 749478931 883182855
9 498101065
7 869964224 351693567
5 979861463
4 50206826
3 1681920214 772402647
4 469073778
10 50206826 749478931
9 1360918762
10 1740887722 898001985
8 258717970
7 662621440 1813175267
3 1740887722 65239054
5 469073778
7 770115878 1203560372
2 1123762711 3 1145505871 dlVq8E2EK2 10 96.1088 37.1087
8 2091870009
3 1907650083 1231409935
2 2039748998 6 507145442 zvHWZgLZ9d 1000 10.8299 64.7525
9 770115878
9 1360918762
10 1740887722 1563307672
3 1006483082 1361481431
2 1007769465 3 926466903 RaOx5KzaVW 10 89.7954 41.9792
7 898001985 1975233904
7 1006483082 253051408
2 979861463 3 1302861525 IHlYFs7QGl 100 26.6681 31.878
6 1668298565
3 1007769465 766428932
9 501452595
2 498101065 1 443130043 aptbFI7eFy 1000 86.3879
5 883182855
10 498101065 2008474141
10 1244377995 1668298565
10 1653202948 1544844072
7 1850672965 701356310
2 541802072 1 1013067972 UWNxkgwaqv 100 43.8818
10 770115878 1214214043
2 869964224 2 927500513 deLCuV5yHZ 10 25.0664 10.8096
4 2091870009
6 749478931
6 890328279
4 1740887722
8 770115878
9 49129920
6 517456858
7 1563307672 554030187
9 2008474141
3 541802072 85511241
7 50206826 475999886
9 1244377995
9 1360918762
5 258717970
2 1508564956 3 1673290636 Jo5W0UuKlr 1000 69.1539 54.7711
5 498101065
9 517456858
4 501452595
7 49129920 93786269
9 1244377995
10 50206826 869964224
3 517456858 1270843439
4 657486401
6 2039748998
9 2091870009
9 1653202948
10 770115878 1345932146
9 1659852124
8 49129920
9 1563307672
3 1612887472 1281358349
8 869964224
5 890328279
7 2039748998 1344999164
8 541802072
9 49129920
6 2039748998
8 1612887472
6 898001985
5 869964224
5 1882896674
5 657486401
6 1612887472
10 898001985 1006483082
10 1544844072 192175196
3 1740887722 226091091
5 498101065
9 1244377995
10 1508564956 258717970
5 890328279
9 2008474141
8 1214214043
6 1668298565
3 1360918762 1034980544
10 1668298565 1007769465
8 1907650083
5 50206826
10 1544844072 1659852124
2 1668298565 3 1834195169 pqERr9ICH6 1 50.6642 63.5653
4 1278154151
3 1612887472 2005146351
2 1278154151 6 1933156538 DkLH6h7WNu 10 15.1364 61.1756
3 883182855 305426126
7 1579390484 212247129
8 566508053
4 883182855
8 469073778
5 1240655662
9 898001985
5 2091870009
9 1974771782
8 1006483082
7 890328279 169282780
9 979861463
2 566508053 4 305863255 3Uy1W5Gsz6 1000 82.8715
3 890328279 1595495986
4 566508053
4 1007769465
4 662621440
5 501452595
4 517456858
5 1123762711
2 1214214043 6 561206315 s5PTGwhSZF 1000 78.8372 30.4797
4 1345932146
8 657486401
3 541802072 273407417
2 1345932146 1 1183751496 V5RdqoHTuk 10 71.9579
4 662621440
4 1659852124
8 1563307672
8 979861463
5 2039748998
9 1240655662
10 1240655662 50206826
6 1882896674
4 1612887472
4 1508564956
2 979861463 3 396605286 Ujag3W6j4B 10 48.1591 25.121
6 1740887722
3 770115878 1203560372
7 469073778 1583397367
6 1670953368
3 1278154151 1020589544
10 1244377995 890328279
8 517456858
8 1244377995
10 1339523468 541802072
4 1850672965
9 50206826
2 1612887472 6 745118864 mqH5YIjF3W 10 87.681 84.8896
4 1653202948
9 541802072
7 1345932146 1116495263
3 1544844072 1031385538
7 1240655662 1880786316
10 898001985 770115878
3 1007769465 1366643530
7 1974771782 747587793
7 566508053 1248442241
8 535483066
2 1244377995 2 577749484 mjumeznwRy 100 54.789 93.4495
8 541802072
7 1339523468 519867504
8 517456858
5 898001985
2 2008474141 3 64497667 SxWiU6t8PN 1 39.9048 80.6717
5 1974771782
3 535483066 2030190139
8 1544844072
7 1345932146 249364865
3 1123762711 1458881305
6 49129920
2 498101065 3 1095039157 Jx8GTnip2q 10 30.7452 17.3775
8 1508564956
9 1205608840
7 1670953368 1736538431
9 1205608840
3 498101065 1095039157
7 1850672965 701356310
9 1123762711
4 517456858
4 1882896674
2 1907650083 1 419071774 gPt1wV7SLB 1 36.3607
2 1681920214 5 1083308640 3j8iwN7OnZ 1000 25.7971 98.1491
5 1612887472
9 1653202948
7 541802072 337384731
2 890328279 3 1033948722 PuZLzcVIU7 100 27.4612 41.3572
2 2039748998 2 22283944 SRFCqMb7Sq 10 43.7505 57.5873
3 462685022 1265087180
7 657486401 1726137294
9 498101065
3 1007769465 1852614784
5 2039748998
10 1278154151 469073778
8 869964224
6 1907650083
4 49129920
6 1653202948
10 535483066 1681920214
4 2008474141
3 498101065 1257877045
4 979861463
7 1345932146 310001503
9 883182855
5 1612887472
6 1579390484
7 1579390484 212247129
3 498101065 443130043
10 462685022 1123762711
7 258717970 941890688
8 1278154151
9 979861463
5 501452595
5 2008474141
10 1123762711 1612887472
6 258717970
4 1544844072
6 1007769465
7 258717970 652792259
7 1508564956 1673290636
5 890328279
4 1214214043
2 1850672965 5 720692441 UlMRmQ38MK 1000 15.3099 56.2128
4 1579390484
6 1544844072
2 898001985 4 1623600400 RAEMWuNgcM 1000 75.1579
8 2039748998
9 1345932146
6 1205608840
8 890328279
6 517456858
8 869964224
8 662621440
10 498101065 1508564956
4 1907650083
2 498101065 6 1960324880 iqaeGpaXvA 1000 62.957 93.5547
6 1907650083
5 2039748998
8 1670953368
7 1681920214 224249526
4 1244377995
9 462685022
9 2039748998
9 541802072
5 890328279
9 498101065
6 883182855
6 749478931
7 1681920214 1156497595
6 1508564956
4 1740887722
4 501452595
3 1563307672 821581571
2 1214214043 1 1358219600 9gvjgYLPVX 1000 95.2502
2 1360918762 3 137458489 4KURYD7fIm 1000 31.4238 39.4352
3 469073778 1583397367
2 898001985 4 1896722048 WyrmARmMgm 10 18.5734
9 1244377995
4 498101065
4 890328279
4 1544844072
2 1668298565 6 747583808 hWIg7UiVhK 1000 42.309 29.9836
7 1850672965 720692441
7 49129920 1973788365
3 535483066 922359897
7 1681920214 224249526
2 1563307672 4 714445761 x0oGvghSBo 10 74.8975
7 535483066 1485387709
10 2091870009 657486401
8 898001985
4 258717970
2 1670953368 6 12307718 jJeiZphgV7 100 49.4815 93.8586
2 662621440 1 408682480 K5287BhjdC 1 49.9692
6 1974771782
2 1670953368 1 1621829734 k2OT0HfNC2 10 72.2466
3 1563307672 714445761
5 1579390484
7 1974771782 2048440618
3 1205608840 1845456140
7 2008474141 746893513
7 1244377995 509239752
7 498101065 1960324880
3 1612887472 745118864
2 535483066 4 1078751941 60z9YwjSLv 1 81.2663
8 469073778
4 50206826
2 535483066 2 1631205742 C2YyCeIOhX 10 24.5255 89.0827
3 1544844072 427010524
3 566508053 563114622
3 1205608840 1247331942
8 1205608840
3 898001985 1623600400
7 1668298565 1340830035
5 1579390484
2 1907650083 4 698138779 k3tXGA56Rg 100 56.4893
8 501452595
4 1007769465
10 462685022 49129920
5 1205608840
2 1006483082 6 2063509149 iCbCE2a3UU 10 35.5529 81.0024
6 49129920
2 890328279 4 1482933802 sqdxJZh69T 1000 37.6049
8 258717970
3 883182855 54084440
3 1123762711 1213324551
9 662621440
2 1006483082 2 2139361237 U0UbkEO1wP 10 10.9167 19.0833
3 1278154151 1339055112
8 1740887722
8 883182855
9 469073778
6 883182855
6 662621440
8 49129920
3 498101065 1960324880
8 1974771782
7 1339523468 1620856488
8 541802072
4 1345932146
6 1007769465
8 501452595
10 566508053 535483066
8 1681920214
5 1612887472
5 979861463
3 869964224 139691155
4 883182855
2 2039748998 5 670562163 5GymVXneWt 1000 52.5432 87.6146
6 657486401
3 1670953368 1621829734
7 1240655662 1298659703
9 541802072
9 1850672965
4 890328279
3 1579390484 212247129
9 1244377995
8 1974771782
5 1659852124
6 1123762711
6 192175196
7 469073778 1957766869
3 1659852124 2007863765
6 1850672965
6 657486401
5 1544844072
3 2008474141 927973826
5 49129920
2 1240655662 5 553205965 dljKiE8aJV 1 25.6456 18.6728
8 2039748998
3 1278154151 1933156538
3 1612887472 962015238
4 1659852124
8 1123762711
4 1278154151
2 1339523468 6 239694034 QU8zqxw5Oy 1 23.6342 39.6748
5 890328279
4 979861463
9 1345932146
2 2091870009 6 248345978 nQlhwvpnBE 100 25.0669 30.2115
3 1214214043 561206315
7 657486401 6966281
8 49129920
2 1345932146 6 768793196 ipPz3QrQUH 100 40.7915 61.0678
9 662621440
2 1508564956 2 729761726 orDsgDXDps 10 29.2547 80.5674
3 49129920 93786269
4 498101065
9 1339523468
5 662621440
3 517456858 387716354
6 1123762711
6 1974771782
7 192175196 1508048203
7 462685022 9140804
9 1659852124
5 1612887472
5 469073778
4 501452595
3 501452595 1963471615
2 1345932146 5 1733016249 GUbDi52P3q 1 41.2224 51.0372
2 1579390484 6 1609243980 TSLjbiG3FH 1 80.0245 80.9928
9 1006483082
8 192175196
7 566508053 305863255
8 566508053
7 1007769465 683093674
8 517456858
7 979861463 635440659
7 979861463 410886035
2 1240655662 5 192456783 ecJVWuIrGf 1000 51.55 63.5577
4 2008474141
3 1579390484 1609243980
2 1882896674 3 729505855 O54Q0rdCgB 100 32.9866 60.144
6 1653202948
7 890328279 2015087204
9 1670953368
8 192175196
4 1882896674
3 49129920 1973788365
7 1006483082 253051408
3 192175196 1508048203
3 517456858 1788432543
3 979861463 1845047817
9 749478931
9 50206826
7 535483066 1485387709
9 869964224
2 1670953368 1 1313873672 52uGuBpK1L 10 12.4506
7 1681920214 1083308640
2 662621440 6 1355768667 9XauTFt7l7 10 87.5975 73.3769
9 1544844072
4 2091870009
10 258717970 1244377995
5 1278154151
9 898001985
3 657486401 1726137294
7 1205608840 357210820
10 1850672965 1653202948
5 898001985
7 50206826 475999886
7 1123762711 1145505871
5 2008474141
7 1007769465 615390396
6 535483066
8 1007769465
3 979861463 635440659
4 1740887722
4 566508053
3 890328279 169282780
5 469073778
7 1006483082 2139361237
8 1882896674
7 1850672965 701356310
5 2008474141
7 1659852124 1589269995
5 1681920214
9 1659852124
9 1007769465
5 2091870009
2 869964224 4 1374576946 CBZc35d5Xv 10 14.3005
2 1007769465 3 1471229559 2NkNWhqg2v 10 16.6799 53.657
10 749478931 517456858
4 462685022
7 1508564956 1673290636
5 1360918762
3 535483066 1078751941
5 1850672965
2 1612887472 2 1745317533 rh9ESw8KMH 1000 56.9783 51.9401
9 1006483082
3 979861463 1850057072
4 1670953368
3 1850672965 701356310
9 1653202948
10 883182855 1850672965
6 1123762711
7 979861463 410886035
8 662621440
7 1345932146 1733016249
2 662621440 1 74524946 WJjI9CKd5T 10 94.5622
9 498101065
8 1653202948
6 535483066
8 1563307672
6 1360918762
2 1612887472 5 1172759495 JSj3SvlMVL 10 57.379 87.2867
5 1345932146
2 1659852124 6 1879531855 OCUBjpNye5 1 83.6819 62.9106
8 1508564956
4 1240655662
5 1668298565
6 1205608840
5 979861463
3 1278154151 1874780441
8 566508053
2 1563307672 2 198014862 QT3sbAaK0X 1 31.7639 33.8435
2 883182855 4 1229071700 0RWrHm3lDd 1000 16.3771
5 662621440
4 979861463
3 869964224 351693567
3 979861463 396605286
4 869964224
3 1659852124 1879531855
3 49129920 631020525
5 258717970
8 2039748998
5 1850672965
9 1974771782
8 1205608840
8 662621440
4 1205608840
2 258717970 5 184322473 smxJnVkC8P 10 20.1086 89.6136
6 498101065
8 501452595
9 1214214043
3 1544844072 539736556
9 1579390484
5 657486401
3 462685022 1637545819
4 1740887722
7 1240655662 1880786316
4 1240655662
2 770115878 4 134230984 LT5OtOlBen 10 97.486
6 2091870009
7 469073778 243230530
6 1653202948
4 192175196
2 883182855 6 1516746472 GXPI5cZO03 1 68.4941 88.9344
3 1850672965 720692441
7 1345932146 1116495263
5 1240655662
8 1345932146
3 1214214043 1358219600
6 979861463
7 258717970 941890688
8 469073778
2 869964224 4 1840525614 ou8NKXJDpX 100 66.0123
8 869964224
3 2039748998 507145442
4 979861463
9 1123762711
4 657486401
9 1612887472
6 1882896674
3 890328279 2015087204
5 1681920214
6 2008474141
5 541802072
2 1668298565 2 1007320239 zLiXOkPy6g 1000 48.5619 40.3276
9 541802072
3 1508564956 729761726
6 1244377995
5 462685022
9 898001985
6 898001985
9 1659852124
2 258717970 2 721084927 Kd7t17qxZ0 100 15.6509 36.8957
2 498101065 3 322513908 6Rta4lJXUM 1000 45.6498 69.2494
2 1668298565 4 1432684323 7gk2Nkseb4 1 36.3719
8 1670953368
5 462685022
6 1850672965
5 2008474141
9 883182855
5 979861463
9 498101065
5 979861463
9 1205608840
2 1653202948 4 2110397184 i1vzjRXf96 100 60.3731
3 890328279 1482933802
4 1850672965
3 501452595 1719545632
2 749478931 4 1686566039 WEzllT9huh 1 20.208
9 517456858
5 1240655662
3 501452595 383881336
5 469073778
5 657486401
6 979861463
8 1278154151
5 1244377995
7 50206826 475999886
3 869964224 927500513
6 1740887722
8 898001985
7 1907650083 698138779
9 1563307672
6 1214214043
7 1668298565 1340830035
4 1214214043
8 1612887472
3 469073778 1957766869
9 1907650083
9 2091870009
7 1360918762 715850054
7 1974771782 747587793
5 192175196
2 2039748998 2 1637572390 wyJ30EB3OU 10 45.8706 13.32
8 1850672965
7 890328279 1033948722
7 469073778 243230530
4 498101065
3 1681920214 225413298
9 1740887722
6 1205608840
9 2039748998
4 2091870009
6 1563307672
8 469073778
5 869964224
3 770115878 134230984
3 1668298565 1871279934
8 541802072
5 869964224
3 1240655662 1880786316
8 657486401
5 869964224
9 469073778
4 1244377995
3 1278154151 1946960151
7 1360918762 137458489
3 662621440 408682480
4 1907650083
8 1850672965
4 1006483082
3 535483066 1485387709
7 1907650083 698138779
7 2091870009 1288783697
5 2008474141
5 1339523468
3 49129920 101064574
7 1244377995 509239752
4 1653202948
4 1240655662
4 869964224
6 1240655662
9 2039748998
6 1244377995
3 1653202948 2110397184
9 1123762711
2 1974771782 3 1551400869 3XGE1K1aWl 1000 76.2867 53.0973
2 1579390484 1 1189981717 B6QbfRPxke 1 84.494
6 469073778
2 1345932146 5 1994300622 S5xceoQiy2 100 55.8145 83.1629
6 1006483082
6 541802072
2 1670953368 5 1246669639 J6AWsOiXlg 1000 50.5902 78.2988
6 749478931
3 1668298565 1007320239
7 1508564956 1673290636
5 890328279
2 1205608840 3 2069276601 6L3HXNXfmb 10 75.7432 26.0966
9 1240655662
5 469073778
6 1123762711
4 2008474141
2 1907650083 1 1489424809 Xwf0xK74tt 100 41.2786
5 566508053
6 1240655662
9 898001985
2 517456858 1 166922974 ZboLIWwxMs 10 93.5132
5 501452595
2 535483066 6 880750914 oBnSOzJVFy 1000 13.3285 71.5577
2 1974771782 5 1869823246 u26MsIqmjs 1 64.0958 39.0707
9 898001985
9 1681920214
4 1659852124
2 1907650083 5 627474419 hee5r4OWXN 10 33.2275 25.1184
6 192175196
2 535483066 3 363029805 UX8sbjb1BQ 1 59.542 41.669
9 501452595
4 498101065
10 1006483082 1907650083
9 258717970
9 1668298565
9 770115878
2 1681920214 4 271783539 1WW4US0a50 1 93.5306
4 1850672965
3 1670953368 2039709764
6 1006483082
2 662621440 6 818198738 QfZ1p5OUQG 1 76.6964 36.8491
4 657486401
7 749478931 1686566039
4 566508053
3 498101065 322513908
6 1345932146
3 1579390484 1189981717
8 1882896674
8 469073778
3 1668298565 747583808
8 1579390484
2 1544844072 5 240054315 pVhogmWFM5 1000 89.4788 81.56
9 979861463
8 1339523468
2 1006483082 1 647229243 oDoLSJ3jks 100 35.6194
6 1345932146
2 1740887722 6 444391521 6mELIpI33u 100 28.9296 70.2643
9 1653202948
4 1974771782
2 1360918762 5 102609069 257uMBmZiI 1000 18.1867 12.4357
9 1544844072
6 979861463
7 890328279 1033948722
5 462685022
9 1240655662
7 1240655662 1298659703
3 1670953368 12307718
9 883182855
6 1006483082
5 469073778
5 883182855
2 1278154151 4 702496208 uOFkuHePwl 100 28.149
7 258717970 184322473
7 1006483082 2063509149
6 898001985
9 1240655662
10 1345932146 979861463
5 1563307672
9 657486401
3 1006483082 2063509149
3 898001985 215171837
5 541802072
8 869964224
5 890328279
4 541802072
7 2091870009 248345978
9 1579390484
6 50206826
4 1907650083
4 2008474141
2 566508053 1 535737524 D4VHq8woh0 10 44.3383
8 898001985
6 1670953368
7 898001985 1896722048
7 890328279 1033948722
4 49129920
9 2039748998
6 1579390484
9 49129920
8 1007769465
6 1214214043
6 566508053
8 517456858
7 1244377995 509239752
5 662621440
4 1123762711
9 1850672965
8 469073778
8 501452595
6 1681920214
9 49129920
2 1244377995 1 85808617 yQIQYhLtEW 100 71.738
3 2008474141 746893513
7 1974771782 1869823246
3 1508564956 1673290636
6 979861463
10 498101065 566508053
5 1123762711
9 1850672965
9 1740887722
2 898001985 2 509368411 6RE3BCSHGY 100 74.5403 48.292
3 1360918762 715850054
2 1339523468 6 51716460 gM6Liz9M0R 1 21.0057 67.8944
7 1244377995 85808617
7 1659852124 1589269995
9 890328279
8 883182855
4 1006483082
7 1360918762 139829077
7 657486401 6966281
9 1214214043
3 1244377995 577749484
3 1612887472 1057663119
6 1907650083
5 517456858
5 890328279
9 770115878
9 501452595
10 890328279 501452595
3 1907650083 419071774
4 1668298565
2 749478931 6 1343091439 uBTUNX5Pg1 1000 89.7005 74.003
9 2091870009
3 2091870009 1503813289
8 979861463
3 883182855 1516746472
4 566508053
4 541802072
7 1007769465 1027982612
5 517456858
4 1579390484
9 898001985
6 1974771782
7 1563307672 198014862
10 1579390484 1974771782
8 883182855
8 1850672965
3 1563307672 198014862
9 662621440
9 2091870009
9 1850672965
9 498101065
9 1214214043
4 541802072
6 1006483082
8 1007769465
3 749478931 1686566039
3 1006483082 629426878
8 1123762711
2 517456858 1 154831957 W1LYWeJJee 1 60.4164
6 1668298565
7 1563307672 554030187
7 1668298565 1340830035
3 1907650083 698138779
4 662621440
2 498101065 6 588847676 GajxE19BR9 100 84.9857 27.0356
4 498101065
5 462685022
2 1670953368 3 290308549 Zq3JG6KRZj 1000 43.4871 75.9235
6 979861463
4 498101065
8 770115878
2 1668298565 5 1884394359 GnLY2DpNIa 10 95.9754 23.7623
4 1244377995
9 1345932146
2 49129920 1 771965873 tXIHTMI5QP 10 80.3365
3 1244377995 509239752
4 662621440
9 1123762711
8 1214214043
3 1563307672 1332187941
3 1882896674 88158891
8 869964224
3 2039748998 670562163
7 1339523468 239694034
9 469073778
8 258717970
6 1544844072
4 258717970
6 1007769465
2 50206826 1 1342883095 RuwlmXNXsx 10 31.9515
3 749478931 1343091439
6 662621440
6 869964224
7 2091870009 1288783697
9 1345932146
9 462685022
2 1612887472 6 1263802709 8PSacZzUQW 100 78.8429 57.5387
7 1670953368 1313873672
2 770115878 1 1122558833 VuryHDEALL 1000 90.9303
2 462685022 2 1679160402 9wbLtPXibw 1000 26.3081 57.7825
7 1345932146 1183751496
2 1360918762 1 2118334570 576ttBtECN 1000 14.4315
4 2008474141
3 566508053 1248442241
9 1240655662
4 1974771782
4 2039748998
3 1278154151 702496208
2 979861463 3 1695125948 iB8QoCr95L 1 25.3557 72.345
4 1214214043
9 890328279
7 1974771782 2048440618
5 1240655662
5 1659852124
9 1882896674
4 535483066
6 979861463
9 1244377995
3 1123762711 1458912390
5 1360918762
9 1205608840
4 2091870009
6 1612887472
5 462685022
8 1508564956
7 1240655662 192456783
3 517456858 154831957
5 1563307672
6 49129920
8 770115878
9 566508053
3 535483066 363029805
7 498101065 588847676
4 1007769465
9 501452595
2 770115878 5 450305677 EP5gh8cj2L 1000 74.7913 96.5058
6 1668298565
2 869964224 5 585502744 lfdwxCxL1E 100 71.7201 41.9035
2 566508053 5 1805471101 ncS4pT5h3y 100 58.3433 14.147
2 869964224 5 368136011 5tOv2gg71i 1000 55.1864 72.7809
2 1974771782 4 995416060 TmXLDeriCd 10 26.6098
4 770115878
2 192175196 2 1818892229 ZIxGVydN4U 1 27.8538 81.2405
8 1740887722
7 1882896674 729505855
4 1850672965
4 469073778
8 1579390484
2 566508053 5 1007278740 YxAY4Cirpg 10 76.2241 81.7504
2 1668298565 5 1880013647 RWgPMc3KpJ 10 69.5661 58.9368
9 883182855
6 898001985
4 1974771782
6 1563307672
2 1850672965 4 1977705189 wb88lVmdho 100 90.8127
4 2039748998
2 1240655662 5 490041123 Dp7AbFtbFy 1000 14.8162 27.509
8 1006483082
8 469073778
7 1681920214 271783539
4 258717970
8 1544844072
3 2091870009 1288783697
6 1740887722
3 469073778 243230530
2 498101065 3 1307810592 lncfTObauZ 10 58.2207 46.178
5 1563307672
8 1278154151
2 2091870009 5 443912745 5LWvU0z62C 1 32.6989 25.8235
2 541802072 3 1971646163 h0bqgOc4fr 100 49.4047 79.0715
7 1907650083 627474419
2 2008474141 2 1656588491 zVvO6Lgq4f 100 65.9745 72.0042
8 2091870009
4 883182855
9 770115878
7 1205608840 2069276601
3 1544844072 240054315
2 2039748998 6 1443671679 pEI11WFyh4 1 90.5333 36.4093
2 501452595 2 1493842462 eDC05kmSMt 1 25.1053 70.0248
4 657486401
3 1974771782 995416060
7 1123762711 1145505871
3 869964224 368136011
4 1006483082
7 2008474141 64497667
4 1740887722
2 501452595 5 1275895414 37zi9PmEqN 10 21.3317 55.5593
5 50206826
8 517456858
9 1544844072
6 1205608840
8 657486401
9 1007769465
5 1740887722
6 1907650083
2 890328279 6 2020916604 PQTl5X651w 100 41.3981 14.4397
4 1668298565
8 2039748998
9 1508564956
3 566508053 535737524
7 979861463 1695125948
9 566508053
4 1007769465
9 258717970
6 1214214043
2 657486401 5 440462826 o9JWhkYkTD 100 65.4787 84.7655
8 50206826
8 566508053
6 1345932146
3 192175196 1818892229
5 1007769465
3 192175196 592685943
6 1214214043
8 662621440
4 1006483082
3 1974771782 747587793
8 883182855
9 1740887722
9 898001985
3 1240655662 192456783
7 541802072 337384731
6 1214214043
6 657486401
2 2039748998 5 251641205 48lYs7qgXh 10 39.1191 63.3634
9 1205608840
7 1007769465 385970209
9 1681920214
3 258717970 941890688
4 541802072
9 517456858
9 1668298565
5 979861463
3 1123762711 1145505871
5 501452595
6 469073778
7 1339523468 1620856488
9 535483066
4 2039748998
8 1508564956
8 1006483082
5 1740887722
5 662621440
8 517456858
8 898001985
2 1214214043 6 812403391 k2oRvldC5H 1000 41.0545 49.1315
5 1907650083
4 1205608840
9 192175196
7 1740887722 444391521
7 1360918762 2118334570
4 1850672965
7 1612887472 587069484
4 1681920214
8 890328279
8 541802072
5 770115878
9 1544844072
7 1659852124 1589269995
8 1339523468
4 258717970
8 49129920
3 498101065 1307810592
4 517456858
2 657486401 5 1478860961 JBrMilE6Q7 10 91.4867 87.0829
2 1653202948 3 80174197 JjcSwBe0yW 100 94.521 84.7753
5 2008474141
9 1360918762
4 541802072
8 192175196
7 869964224 1840525614
8 869964224
5 1653202948
3 2091870009 248345978
3 1345932146 1116495263
9 1740887722
5 1345932146
8 898001985
5 1907650083
7 1653202948 80174197
3 1563307672 554030187
6 541802072
4 1244377995
3 1907650083 627474419
8 1579390484
2 2039748998 6 2116097870 5uPgA7zXPY 1000 20.9125 97.3133
6 1668298565
9 1123762711
9 498101065
3 1659852124 1589269995
3 498101065 588847676
8 1740887722
2 1360918762 5 864082588 vIAeO9IbcF 10 83.3306 20.9717
4 1653202948
8 1659852124
4 2039748998
6 1882896674
9 979861463
8 1659852124
4 1544844072
6 50206826
7 50206826 1342883095
6 662621440
4 1007769465
9 1508564956
2 869964224 3 533210242 Q8yerYIGxr 1000 98.5691 22.8811
2 1670953368 2 146224671 ArGqz1fNO8 1 69.664 87.6554
4 1214214043
9 50206826
3 1339523468 51716460
6 1612887472
9 1670953368
3 1339523468 1620856488
4 1653202948
9 541802072
9 1670953368
6 1668298565
7 501452595 1493842462
3 883182855 1229071700
3 258717970 1605821432
4 566508053
3 979861463 410886035
2 501452595 6 361764935 4gzNypyMDG 1 35.5252 70.4941
4 770115878
7 1345932146 1994300622
10 1681920214 1278154151
9 1907650083
10 2091870009 1882896674
4 1740887722
9 1579390484
2 898001985 5 536176620 cuxFBVmlX8 100 54.4898 91.8802
7 770115878 1122558833
8 1653202948
8 1653202948
6 2008474141
8 1007769465
9 2091870009
4 1612887472
7 258717970 721084927
2 1579390484 5 780450602 mnUlVL4LLa 100 60.7065 87.4726
5 1681920214
5 1007769465
8 1007769465
8 770115878
9 1907650083
9 1579390484
6 883182855
4 258717970
3 1907650083 1489424809
5 1205608840
7 1681920214 224249526
4 498101065
3 50206826 475999886
2 1882896674 6 850844995 et91wJEcpd 1000 65.1306 57.0664
9 1205608840
7 50206826 955812383
3 566508053 305863255
2 2008474141 3 952594394 tdOL6JDgK0 10 34.4528 29.374
8 49129920
5 770115878
2 49129920 2 362781455 wpMXCj70ue 1000 72.1856 39.0702
8 1205608840
5 501452595
2 258717970 2 973722095 R9SLmd73DA 1 88.1858 60.5866
8 662621440
9 2091870009
9 2008474141
8 1007769465
9 258717970
5 2039748998
7 1668298565 349534355
4 1681920214
6 498101065
3 1007769465 683093674
2 469073778 2 184561052 Gkv2HOyDii 100 86.6726 23.2129
6 50206826
6 749478931
6 662621440
9 749478931
7 50206826 955812383
6 1850672965
8 517456858
7 890328279 1033948722
4 1006483082
7 1339523468 239694034
8 1544844072
2 469073778 5 1831661154 Vv3JfFcSdf 1000 43.9875 38.474
9 535483066
9 770115878
7 1006483082 253051408
4 469073778
6 1974771782
4 2091870009
5 657486401
2 1205608840 3 375314822 pFTZ6CWZR3 1 40.8518 60.887
5 1244377995
5 1740887722
2 517456858 4 1317824234 xd1WXlxAEW 10 51.0039
7 2008474141 1656588491
7 1205608840 375314822
8 2039748998
2 662621440 2 1343287370 ItfrUiTPC2 100 53.4704 87.4791
8 1240655662
6 1882896674
5 1681920214
6 50206826
7 1681920214 224249526
8 50206826
9 462685022
6 566508053
3 1007769465 1471229559
2 1240655662 1 126805651 FJCuQWXh4W 1 42.1317
5 50206826
6 1907650083
7 1681920214 271783539
2 1214214043 4 158836867 V0sJvm6LPW 10 19.3926
9 517456858
3 1612887472 1745317533
5 657486401
6 566508053
3 1579390484 780450602
6 192175196
4 1681920214
8 898001985
7 1205608840 357210820
7 1668298565 1432684323
6 890328279
4 469073778
8 662621440
6 1205608840
6 890328279
9 662621440
2 1123762711 3 2088456149 v7DeQ6FhXA 100 55.8851 51.7868
3 1360918762 864082588
6 541802072
6 1244377995
3 501452595 361764935
2 1278154151 2 475818457 eAytvztG36 100 93.4725 33.4005
9 1579390484
9 1659852124
4 1563307672
8 49129920
4 50206826
8 1244377995
2 1563307672 3 1031387448 WfFalthsZ5 1000 46.4062 39.099
9 890328279
5 1612887472
6 1882896674
7 258717970 1667938159
7 1668298565 1432684323
9 979861463
8 49129920
8 1244377995
2 1007769465 4 1223089042 JfVsuLMIWx 10 31.4439
7 469073778 184561052
3 890328279 1033948722
3 1563307672 11690778
9 770115878
2 883182855 4 214049816 eJNhWIgB2d 100 14.8128
2 1974771782 1 1972158384 M2O5reYYO7 1000 74.1746
2 657486401 1 1010567143 SKGE4TWL9r 1000 94.4226
3 662621440 74524946
4 2039748998
5 1670953368
4 749478931
6 1339523468
9 1681920214
4 566508053
9 2091870009
5 2008474141
3 1214214043 812403391
6 1659852124
9 1214214043
3 1882896674 1832745681
7 1278154151 475818457
5 50206826
5 462685022
10 498101065 2091870009
8 1653202948
9 1360918762
6 979861463
4 1659852124
3 541802072 1013067972
8 1563307672
9 1668298565
8 501452595
2 662621440 3 33665518 tKY6pxBifS 10 29.1152 47.9356
7 1681920214 1083308640
8 1659852124
8 883182855
2 1544844072 4 1740237448 gqlQEW0H2F 1 47.2283
3 50206826 1342883095
9 1278154151
3 50206826 955812383
9 258717970
2 1670953368 6 1556859298 lMMqRp1iCm 1000 68.5795 37.6431
5 2039748998
7 662621440 1343287370
7 890328279 2020916604
9 1668298565
5 2008474141
4 770115878
9 1681920214
6 541802072
9 1653202948
9 49129920
3 662621440 1355768667
5 657486401
5 49129920
8 869964224
7 1278154151 475818457
6 662621440
6 49129920
3 883182855 214049816
5 979861463
7 1850672965 1977705189
5 1563307672
5 1278154151
7 869964224 1840525614
8 1670953368
5 1006483082
2 1544844072 5 1184922666 68DIXfDJ6U 1000 73.6354 28.3483
2 1007769465 3 7988403 MILsCAPVzi 100 58.0417 48.9948
8 1882896674
5 1278154151
3 1360918762 102609069
7 1007769465 7988403
2 1345932146 3 390793387 TBDQUAp339 1000 39.3015 86.9414
6 1007769465
9 1278154151
3 1123762711 2088456149
5 1882896674
4 1278154151
5 1544844072
5 657486401
3 1205608840 2069276601
6 50206826
5 2008474141
5 869964224
7 770115878 1122558833
4 1544844072
9 1214214043
4 469073778
7 898001985 536176620
6 1653202948
5 1882896674
5 1974771782
3 770115878 1122558833
3 1006483082 2139361237
5 1278154151
8 49129920
6 1974771782
4 657486401
2 1360918762 6 1460135344 NoOgqsLqef 100 71.8949 44.8217
9 1659852124
2 50206826 1 565115467 NdWqV4YIMg 10 12.0828
3 979861463 1302861525
5 1882896674
8 979861463
7 869964224 585502744
2 898001985 3 125904659 aZ3ztIYhOL 1 78.9443 10.4507
2 1668298565 3 1559401595 e3cua5DrBw 100 68.1397 65.3026
5 662621440
8 1850672965
8 1278154151
5 469073778
6 1244377995
7 898001985 509368411
6 657486401
9 662621440
2 1974771782 1 331713956 xBNCVlK9AK 1000 70.0785
6 1544844072
8 770115878
4 1544844072
3 1360918762 2118334570
3 1278154151 475818457
4 749478931
4 1278154151
7 1214214043 158836867
4 1244377995
6 498101065
5 898001985
5 1974771782
6 1214214043
9 192175196
3 49129920 362781455
4 566508053
7 2008474141 1656588491
2 1882896674 2 505810486 NKUMpz3fXe 1 67.2431 14.2643
8 657486401
3 979861463 1695125948
8 1563307672
4 1974771782
9 1345932146
8 1579390484
2 50206826 4 875981999 YuSNchfCWS 1 27.1477
3 1974771782 1869823246
9 898001985
3 1244377995 85808617
4 1579390484
6 1278154151
7 657486401 1010567143
2 1653202948 1 118929861 bovfVLiBJL 100 26.3188
8 1240655662
3 1007769465 1027982612
4 1579390484
9 541802072
9 1659852124
8 535483066
9 1339523468
6 890328279
8 883182855
6 462685022
2 770115878 3 1810781247 oI4gFscVPO 1 25.6295 87.4204
5 2091870009
5 890328279
2 898001985 3 1195863911 ODnOSCOzmc 1 34.1644 56.0967
3 258717970 652792259
8 1974771782
6 890328279
7 770115878 450305677
4 979861463
2 498101065 2 271155639 WvtzPXrHTl 10 18.9731 81.5933
5 1850672965
5 1668298565
5 869964224
9 1360918762
7 1681920214 271783539
3 898001985 1896722048
8 657486401
2 1240655662 1 1157178798 dby8Ej09e5 1 51.6559
2 1205608840 1 2007192767 QKPPEZUwg4 1 78.21
3 1007769465 7988403
4 2008474141
3 462685022 1679160402
5 1345932146
3 1974771782 1972158384
8 517456858
9 898001985
8 517456858
5 890328279
9 1006483082
7 498101065 271155639
5 1006483082
5 2091870009
4 258717970
6 662621440
2 501452595 4 563862970 UDXZCsDixB 1 80.6863
9 469073778
8 501452595
7 258717970 1979054637
3 1974771782 331713956
3 1974771782 2048440618
3 2008474141 952594394
4 1974771782
8 462685022
3 1882896674 850844995
2 2039748998 4 598226425 1Wdp4FQePf 100 78.7955
4 535483066
5 869964224
6 883182855
3 2039748998 22283944
6 1681920214
9 1653202948
4 566508053
9 1579390484
2 898001985 5 1901434357 QRz5DEcwe2 10 65.1327 48.6409
5 2039748998
3 462685022 9140804
2 258717970 6 980974067 EGDuHMTGwc 1000 74.6016 60.0479
9 1123762711
8 1668298565
2 1907650083 2 1432812151 HrIFogguHZ 1000 74.2117 29.2227
4 1670953368
3 2039748998 1443671679
2 1345932146 2 377003681 tFPEuyenoC 10 77.9115 10.9105
5 1670953368
2 1123762711 3 1127994272 jGgmzohoSb 100 49.6611 36.5498
3 898001985 1195863911
7 517456858 1622021071
6 1668298565
6 869964224
3 1907650083 1432812151
8 192175196
3 898001985 1901434357
9 1659852124
9 501452595
5 1882896674
4 50206826
5 258717970
5 566508053
4 1670953368
8 1653202948
2 1544844072 6 1675044911 y85WIAQKxO 1000 59.6802 53.8288
6 541802072
7 1240655662 357628224
8 657486401
8 1244377995
9 1974771782
6 258717970
3 49129920 771965873
6 979861463
9 1563307672
7 1882896674 505810486
6 2039748998
7 2039748998 251641205
4 662621440
2 1205608840 6 2092704648 5RjYGGOt9P 100 73.9937 60.0448
10 1007769465 1579390484
2 657486401 5 676433264 SEnBVWDMdX 1000 66.7427 48.8382
8 1612887472
2 1612887472 1 1886836749 BVPMD9ULnb 100 61.5267
7 1006483082 253051408
6 770115878
9 50206826
7 1882896674 729505855
4 2039748998
7 1123762711 1127994272
2 469073778 5 1205599221 GWe6nohbkN 100 47.8188 40.7837
3 1007769465 926466903
2 49129920 4 1470027849 My0VP4B64I 100 54.8315
2 2039748998 5 563135784 U8II0qorXr 10 59.2843 77.0212
7 662621440 1343287370
7 566508053 1861234444
5 1563307672
6 469073778
8 1278154151
6 1508564956
5 1205608840
4 498101065
2 662621440 3 1318388228 lvEC3SUako 100 74.0936 90.4035
6 1214214043
7 2039748998 1926086577
4 890328279
7 1240655662 126805651
5 1240655662
9 1345932146
5 1339523468
5 1123762711
2 1670953368 4 1613638406 Lm10Xk8vxd 1000 37.2524
5 1670953368
4 1360918762
5 566508053
6 192175196
8 1123762711
2 883182855 4 1156207021 oKPDIImdyc 100 59.6102
3 1240655662 1298659703
4 469073778
9 1006483082
9 1882896674
6 1360918762
5 890328279
6 1244377995
8 50206826
4 1850672965
4 1244377995
6 1544844072
6 1907650083
4 566508053
4 749478931
8 1007769465
7 1612887472 1263802709
2 566508053 4 1866771843 60N4YdeFbq 10 97.7918
6 258717970
3 1974771782 1551400869
5 1670953368
2 517456858 5 1029418455 wHg04Vg9IV 1 48.8622 73.5026
8 1653202948
3 1740887722 444391521
9 566508053
9 1882896674
4 1360918762
9 749478931
4 657486401
5 898001985
7 1681920214 224249526
9 50206826
6 2008474141
6 1278154151
3 1668298565 1880013647
8 1278154151
7 535483066 555495370
5 1123762711
2 192175196 6 1538132931 SIXDnZJkFG 1000 94.5353 84.149
9 1278154151
5 1544844072
2 2008474141 1 1929921596 Y2JDTHodU0 100 21.2505
8 1244377995
2 49129920 3 280027270 0qjpMR1zoe 1000 71.597 58.624
4 979861463
7 50206826 565115467
6 1670953368
9 1850672965
2 662621440 1 1292938951 uCCHenlRUB 10 69.5716
4 749478931
6 1579390484
4 1563307672
8 1659852124
2 1006483082 5 913596093 t7P69Ulykd 100 55.6017 89.2915
7 1339523468 519867504
6 1681920214
5 541802072
8 1670953368
9 498101065
9 883182855
8 979861463
6 462685022
3 1544844072 1184922666
7 2039748998 598226425
3 192175196 1538132931
7 2039748998 1637572390
2 1006483082 4 2011819779 ZysxxBv3yI 1 89.0255
2 1740887722 3 866097820 SJeyEnqByl 10 84.0273 99.986
4 1240655662
4 535483066
8 1907650083
6 869964224
2 1668298565 2 997317420 tZwJYeS33N 1 63.0774 42.3188
2 1681920214 1 105811103 lumWTP2j5U 1 79.1356
8 469073778
2 749478931 4 1990901561 nVodGnQF6z 1000 13.2574
8 1653202948
5 1240655662
7 1007769465 615390396
5 1007769465
8 501452595
3 1681920214 224249526
3 1850672965 1977705189
6 1659852124
9 1850672965
7 657486401 676433264
4 1508564956
2 749478931 5 1507520313 Vgc3OFADaX 100 30.5357 80.5375
9 1740887722
2 258717970 3 2126019421 Vb0UraDSyB 1000 26.5642 15.8343
7 1339523468 519867504
8 869964224
2 498101065 4 1855554190 Kv10dju2dx 100 91.3011
3 49129920 280027270
5 657486401
4 1850672965
8 979861463
8 192175196
5 501452595
4 50206826
4 517456858
5 541802072
2 1214214043 5 1741045136 flSCQZjF4L 100 26.7267 25.1288
6 541802072
5 1668298565
9 535483066
8 1006483082
3 898001985 1975233904
2 1339523468 5 1642829410 3j2mS2phZF 1 27.0282 43.9512
6 1612887472
3 898001985 509368411
4 1544844072
7 535483066 555495370
3 1612887472 1263802709
6 1508564956
7 2039748998 598226425
5 50206826
6 1123762711
3 462685022 1776496004
7 1240655662 357628224
4 1740887722
4 566508053
4 469073778
9 1278154151
8 890328279
5 770115878
5 1240655662
3 883182855 1156207021
6 517456858
3 2039748998 1637572390
2 883182855 3 2030992044 4ApoR88rAN 1 96.7559 98.9769
8 1740887722
4 883182855
8 657486401
3 50206826 875981999
3 1214214043 158836867
6 566508053
3 49129920 1470027849
8 1240655662
4 1579390484
8 566508053
8 1974771782
2 1508564956 4 269109989 blF1ixglGP 100 73.3339
6 1882896674
9 749478931
5 1240655662
9 535483066
5 749478931
8 1123762711
6 883182855
4 1240655662
8 1882896674
3 1345932146 1183751496
9 192175196
8 2008474141
5 2091870009
9 657486401
8 1579390484
9 498101065
2 1659852124 1 983158470 7qAikwNOvK 1000 91.8893
3 898001985 125904659
6 1345932146
3 2091870009 720791952
7 501452595 563862970
7 541802072 392142590
3 501452595 617049042
7 1670953368 1736538431
7 1345932146 310001503
6 2091870009
4 1740887722
8 1345932146
9 1653202948
6 1278154151
5 1668298565
3 501452595 1275895414
8 1339523468
7 1508564956 269109989
8 770115878
7 657486401 676433264
4 49129920
4 50206826
8 469073778
2 770115878 1 1371338558 8eYX1z259l 1 29.8406
8 1907650083
5 662621440
3 1653202948 80174197
3 469073778 1205599221
8 1668298565
7 1205608840 357210820
2 1007769465 3 1799930614 qr3O4QzHQD 10 95.3821 75.5947
2 1681920214 2 874740944 HFeXM2zHTn 100 32.0071 97.1635
3 749478931 1507520313
6 535483066
4 517456858
8 890328279
2 2008474141 4 2083528686 P8Gzbvb64k 1000 56.8412
2 1214214043 5 750884295 gu7wb3nJjo 1000 52.7629 90.4506
2 258717970 5 1648410838 J83eteF68r 10 39.1328 50.1186
6 1882896674
2 1563307672 5 2079596254 KYtTOShGw1 10 94.4889 89.3457
6 192175196
8 1339523468
8 1006483082
3 657486401 1010567143
6 1214214043
9 1974771782
5 258717970
4 890328279
3 1205608840 357210820
8 541802072
4 1508564956
3 1563307672 2079596254
9 462685022
2 462685022 1 680562756 uacsBHZAmA 1000 92.31
9 1508564956
2 979861463 3 1684676205 yAQ1RpAECU 1 84.1669 35.6857
6 258717970
6 541802072
9 657486401
